9 regular graph with girth 5 and order 96.

Graph defined by adjacency list.
0 : { 8, 40, 48, 49, 55, 59, 77, 82, 94}
1 : { 9, 41, 49, 50, 56, 60, 78, 83, 95}
2 : { 10, 42, 48, 50, 51, 57, 61, 79, 84}
3 : { 11, 43, 49, 51, 52, 58, 62, 80, 85}
4 : { 12, 44, 50, 52, 53, 59, 63, 81, 86}
5 : { 13, 45, 51, 53, 54, 60, 64, 82, 87}
6 : { 14, 46, 52, 54, 55, 61, 65, 83, 88}
7 : { 15, 47, 53, 55, 56, 62, 66, 84, 89}
8 : { 0, 16, 54, 56, 57, 63, 67, 85, 90}
9 : { 1, 17, 55, 57, 58, 64, 68, 86, 91}
10 : { 2, 18, 56, 58, 59, 65, 69, 87, 92}
11 : { 3, 19, 57, 59, 60, 66, 70, 88, 93}
12 : { 4, 20, 58, 60, 61, 67, 71, 89, 94}
13 : { 5, 21, 59, 61, 62, 68, 72, 90, 95}
14 : { 6, 22, 60, 62, 63, 69, 73, 91}
15 : { 7, 23, 61, 63, 64, 70, 74, 92}
16 : { 8, 24, 62, 64, 65, 71, 75, 93}
17 : { 9, 25, 63, 65, 66, 72, 76, 94}
18 : { 10, 26, 64, 66, 67, 73, 77, 95}
19 : { 11, 27, 65, 67, 68, 74, 78}
20 : { 12, 28, 66, 68, 69, 75, 79}
21 : { 13, 29, 67, 69, 70, 76, 80}
22 : { 14, 30, 68, 70, 71, 77, 81}
23 : { 15, 31, 69, 71, 72, 78, 82}
24 : { 16, 32, 70, 72, 73, 79, 83}
25 : { 17, 33, 71, 73, 74, 80, 84}
26 : { 18, 34, 72, 74, 75, 81, 85}
27 : { 19, 35, 73, 75, 76, 82, 86}
28 : { 20, 36, 74, 76, 77, 83, 87}
29 : { 21, 37, 75, 77, 78, 84, 88}
30 : { 22, 38, 76, 78, 79, 85, 89}
31 : { 23, 39, 77, 79, 80, 86, 90}
32 : { 24, 40, 78, 80, 81, 87, 91}
33 : { 25, 41, 79, 81, 82, 88, 92}
34 : { 26, 42, 80, 82, 83, 89, 93}
35 : { 27, 43, 81, 83, 84, 90, 94}
36 : { 28, 44, 82, 84, 85, 91, 95}
37 : { 29, 45, 83, 85, 86, 92}
38 : { 30, 46, 84, 86, 87, 93}
39 : { 31, 47, 85, 87, 88, 94}
40 : { 0, 32, 86, 88, 89, 95}
41 : { 1, 33, 87, 89, 90}
42 : { 2, 34, 88, 90, 91}
43 : { 3, 35, 89, 91, 92}
44 : { 4, 36, 90, 92, 93}
45 : { 5, 37, 91, 93, 94}
46 : { 6, 38, 92, 94, 95}
47 : { 7, 39, 93, 95}
48 : { 0, 2, 56, 64, 72, 76, 85, 89, 93}
49 : { 0, 1, 3, 57, 65, 73, 77, 86, 90}
50 : { 1, 2, 4, 58, 66, 74, 78, 87, 91}
51 : { 2, 3, 5, 59, 67, 75, 79, 88, 92}
52 : { 3, 4, 6, 60, 68, 76, 80, 89, 93}
53 : { 4, 5, 7, 61, 69, 77, 81, 90, 94}
54 : { 5, 6, 8, 62, 70, 78, 82, 91, 95}
55 : { 0, 6, 7, 9, 63, 71, 79, 83, 92}
56 : { 1, 7, 8, 10, 64, 72, 80, 84, 93}
57 : { 2, 8, 9, 11, 65, 73, 81, 85, 94}
58 : { 3, 9, 10, 12, 66, 74, 82, 86, 95}
59 : { 0, 4, 10, 11, 13, 67, 75, 83, 87}
60 : { 1, 5, 11, 12, 14, 68, 76, 84, 88}
61 : { 2, 6, 12, 13, 15, 69, 77, 85, 89}
62 : { 3, 7, 13, 14, 16, 70, 78, 86, 90}
63 : { 4, 8, 14, 15, 17, 71, 79, 87, 91}
64 : { 5, 9, 15, 16, 18, 72, 80, 88, 92}
65 : { 6, 10, 16, 17, 19, 73, 81, 89, 93}
66 : { 7, 11, 17, 18, 20, 74, 82, 90, 94}
67 : { 8, 12, 18, 19, 21, 75, 83, 91, 95}
68 : { 9, 13, 19, 20, 22, 76, 84, 92}
69 : { 10, 14, 20, 21, 23, 77, 85, 93}
70 : { 11, 15, 21, 22, 24, 78, 86, 94}
71 : { 12, 16, 22, 23, 25, 79, 87, 95}
72 : { 13, 17, 23, 24, 26, 80, 88}
73 : { 14, 18, 24, 25, 27, 81, 89}
74 : { 15, 19, 25, 26, 28, 82, 90}
75 : { 16, 20, 26, 27, 29, 83, 91}
76 : { 17, 21, 27, 28, 30, 84, 92}
77 : { 0, 18, 22, 28, 29, 31, 85, 93}
78 : { 1, 19, 23, 29, 30, 32, 86, 94}
79 : { 2, 20, 24, 30, 31, 33, 87, 95}
80 : { 3, 21, 25, 31, 32, 34, 88}
81 : { 4, 22, 26, 32, 33, 35, 89}
82 : { 0, 5, 23, 27, 33, 34, 36, 90}
83 : { 1, 6, 24, 28, 34, 35, 37, 91}
84 : { 2, 7, 25, 29, 35, 36, 38, 92}
85 : { 3, 8, 26, 30, 36, 37, 39, 93}
86 : { 4, 9, 27, 31, 37, 38, 40, 94}
87 : { 5, 10, 28, 32, 38, 39, 41, 95}
88 : { 6, 11, 29, 33, 39, 40, 42}
89 : { 7, 12, 30, 34, 40, 41, 43, 57, 73}
90 : { 8, 13, 31, 35, 41, 42, 44, 58, 74}
91 : { 9, 14, 32, 36, 42, 43, 45, 59, 75}
92 : { 10, 15, 33, 37, 43, 44, 46, 60, 76}
93 : { 11, 16, 34, 38, 44, 45, 47, 61, 77}
94 : { 0, 12, 17, 35, 39, 45, 46, 62, 78}
95 : { 1, 13, 18, 36, 40, 46, 47, 63, 79}
