0: 1 23 27 31 35 39
1: 0 24 28 32 36 40
2: 3 6 26 31 36 41
3: 2 4 22 27 32 37
4: 3 5 23 28 33 38
5: 4 6 24 29 34 39
6: 2 5 25 30 35 40
7: 8 11 27 33 34 40
8: 7 9 22 28 35 41
9: 8 10 23 29 30 36
10: 9 11 24 31 37 38
11: 7 10 25 26 32 39
12: 13 16 28 30 37 39
13: 12 14 22 29 31 40
14: 13 15 23 32 34 41
15: 14 16 24 26 33 35
16: 12 15 25 27 36 38
17: 18 21 29 32 35 38
18: 17 19 22 33 36 39
19: 18 20 23 26 37 40
20: 19 21 24 27 30 41
21: 17 20 25 28 31 34
22: 3 8 13 18 24 25
23: 0 4 9 14 19 25
24: 1 5 10 15 20 22
25: 6 11 16 21 22 23
26: 2 11 15 19 28 29
27: 0 3 7 16 20 29
28: 1 4 8 12 21 26
29: 5 9 13 17 26 27
30: 6 9 12 20 32 33
31: 0 2 10 13 21 33
32: 1 3 11 14 17 30
33: 4 7 15 18 30 31
34: 5 7 14 21 36 37
35: 0 6 8 15 17 37
36: 1 2 9 16 18 34
37: 3 10 12 19 34 35
38: 4 10 16 17 40 41
39: 0 5 11 12 18 41
40: 1 6 7 13 19 38
41: 2 8 14 20 38 39
