0: 1 4 25 30 35 40 45
1: 0 2 26 31 36 41 46
2: 1 3 27 32 37 42 47
3: 2 4 28 33 38 43 48
4: 0 3 29 34 39 44 49
5: 6 9 25 31 37 43 49
6: 5 7 26 32 38 44 45
7: 6 8 27 33 39 40 46
8: 7 9 28 34 35 41 47
9: 5 8 29 30 36 42 48
10: 11 14 25 32 39 41 48
11: 10 12 26 33 35 42 49
12: 11 13 27 34 36 43 45
13: 12 14 28 30 37 44 46
14: 10 13 29 31 38 40 47
15: 16 19 25 33 36 44 47
16: 15 17 26 34 37 40 48
17: 16 18 27 30 38 41 49
18: 17 19 28 31 39 42 45
19: 15 18 29 32 35 43 46
20: 21 24 25 34 38 42 46
21: 20 22 26 30 39 43 47
22: 21 23 27 31 35 44 48
23: 22 24 28 32 36 40 49
24: 20 23 29 33 37 41 45
25: 0 5 10 15 20 27 28
26: 1 6 11 16 21 28 29
27: 2 7 12 17 22 25 29
28: 3 8 13 18 23 25 26
29: 4 9 14 19 24 26 27
30: 0 9 13 17 21 32 33
31: 1 5 14 18 22 33 34
32: 2 6 10 19 23 30 34
33: 3 7 11 15 24 30 31
34: 4 8 12 16 20 31 32
35: 0 8 11 19 22 37 38
36: 1 9 12 15 23 38 39
37: 2 5 13 16 24 35 39
38: 3 6 14 17 20 35 36
39: 4 7 10 18 21 36 37
40: 0 7 14 16 23 42 43
41: 1 8 10 17 24 43 44
42: 2 9 11 18 20 40 44
43: 3 5 12 19 21 40 41
44: 4 6 13 15 22 41 42
45: 0 6 12 18 24 47 48
46: 1 7 13 19 20 48 49
47: 2 8 14 15 21 45 49
48: 3 9 10 16 22 45 46
49: 4 5 11 17 23 46 47
