0: 1 21 27 28 34
1: 0 2 22 23 29 35
2: 1 18 24 30 36
3: 4 7 20 27 29 36
4: 3 5 21 23 30 37
5: 4 6 22 24 31 33
6: 5 7 18 25 32 34
7: 3 6 19 26 28 35
8: 9 12 21 24 32 35
9: 8 10 22 25 28 36
10: 9 11 18 26 29 37
11: 10 12 19 27 30 33
12: 8 11 20 23 31 34
13: 14 17 22 26 30 34
14: 13 15 18 27 31 35
15: 14 16 19 23 32 36
16: 15 17 20 24 28 37
17: 13 16 21 25 29 33
18: 2 6 10 14 20 21
19: 7 11 15 21 22
20: 3 12 16 18 22
21: 0 4 8 17 18 19
22: 1 5 9 13 19 20
23: 1 4 12 15 25 26
24: 2 5 8 16 26 27
25: 6 9 17 23 27
26: 7 10 13 23 24
27: 0 3 11 14 24 25
28: 0 7 9 16 30 31
29: 1 3 10 17 31 32
30: 2 4 11 13 28 32
31: 5 12 14 28 29
32: 6 8 15 29 30
33: 5 11 17 35 36
34: 0 6 12 13 36 37
35: 1 7 8 14 33 37
36: 2 3 9 15 33 34
37: 4 10 16 34 35
