0: 1 21 27 33 34
1: 0 2 22 28 29 35
2: 1 3 23 24 30 36
3: 2 19 25 31 37
4: 5 8 21 28 30 37
5: 4 6 22 24 31 38
6: 5 7 23 25 32 34
7: 6 8 19 26 33 35
8: 4 7 20 27 29 36
9: 10 13 22 25 33 36
10: 9 11 23 26 29 37
11: 10 12 19 27 30 38
12: 11 13 20 28 31 34
13: 9 12 21 24 32 35
14: 15 18 23 27 31 35
15: 14 16 19 28 32 36
16: 15 17 20 24 33 37
17: 16 18 21 25 29 38
18: 14 17 22 26 30 34
19: 3 7 11 15 21 22
20: 8 12 16 22 23
21: 0 4 13 17 19 23
22: 1 5 9 18 19 20
23: 2 6 10 14 20 21
24: 2 5 13 16 26 27
25: 3 6 9 17 27 28
26: 7 10 18 24 28
27: 0 8 11 14 24 25
28: 1 4 12 15 25 26
29: 1 8 10 17 31 32
30: 2 4 11 18 32 33
31: 3 5 12 14 29 33
32: 6 13 15 29 30
33: 0 7 9 16 30 31
34: 0 6 12 18 36 37
35: 1 7 13 14 37 38
36: 2 8 9 15 34 38
37: 3 4 10 16 34 35
38: 5 11 17 35 36
