0: 1 4 21 27 33 39
1: 0 2 22 28 34 35
2: 1 3 23 29 30 36
3: 2 4 24 25 31 37
4: 0 3 20 26 32 38
5: 6 9 22 29 31 38
6: 5 7 23 25 32 39
7: 6 8 24 26 33 35
8: 7 9 20 27 34 36
9: 5 8 21 28 30 37
10: 11 14 23 26 34 37
11: 10 12 24 27 30 38
12: 11 13 20 28 31 39
13: 12 14 21 29 32 35
14: 10 13 22 25 33 36
15: 16 19 24 28 32 36
16: 15 17 20 29 33 37
17: 16 18 21 25 34 38
18: 17 19 22 26 30 39
19: 15 18 23 27 31 35
20: 4 8 12 16 22 23
21: 0 9 13 17 23 24
22: 1 5 14 18 20 24
23: 2 6 10 19 20 21
24: 3 7 11 15 21 22
25: 3 6 14 17 27 28
26: 4 7 10 18 28 29
27: 0 8 11 19 25 29
28: 1 9 12 15 25 26
29: 2 5 13 16 26 27
30: 2 9 11 18 32 33
31: 3 5 12 19 33 34
32: 4 6 13 15 30 34
33: 0 7 14 16 30 31
34: 1 8 10 17 31 32
35: 1 7 13 19 37 38
36: 2 8 14 15 38 39
37: 3 9 10 16 35 39
38: 4 5 11 17 35 36
39: 0 6 12 18 36 37
